   7.8430484e-03   2.3963254e+02
   7.7418477e-02   2.5789050e+02
   1.4699391e-01   2.7614846e+02
   2.8140801e-01   3.0717893e+02
   4.2262505e-01   3.3332796e+02
   5.8225498e-01   3.5824829e+02
   7.1634581e-01   3.7525454e+02
   8.8726241e-01   3.8980338e+02
   1.0880754e+00   4.0128853e+02
   1.3140058e+00   4.0239528e+02
   1.4729470e+00   3.9743790e+02
   1.6594091e+00   3.8636923e+02
   1.8825284e+00   3.6552617e+02
   2.0894415e+00   3.4164241e+02
   2.2847446e+00   3.1410591e+02
   2.4523301e+00   2.8414422e+02
