  -9.2206074e-03   2.6652836e+02
   6.6849403e-02   3.0489649e+02
   1.5214002e-01   3.4710016e+02
   2.5126155e-01   3.9121436e+02
   3.7112945e-01   4.3467178e+02
   4.8408189e-01   4.6852764e+02
   5.9933948e-01   4.9405564e+02
   7.2151253e-01   5.1381401e+02
   8.7365255e-01   5.2842509e+02
   1.0304029e+00   5.3278509e+02
   1.1571862e+00   5.2884260e+02
   1.3047159e+00   5.1719821e+02
   1.4499405e+00   5.0043190e+02
   1.6412681e+00   4.6825816e+02
   1.8579524e+00   4.2645750e+02
   2.0538903e+00   3.8147082e+02
   2.2475230e+00   3.3968828e+02
   2.4434610e+00   2.9213974e+02
