  -2.0952071e+00   4.4551028e+01
  -1.9655220e+00   6.6805941e+01
  -1.8336715e+00   9.1216201e+01
  -1.6512581e+00   1.2388193e+02
  -1.4907824e+00   1.5044334e+02
  -1.2906697e+00   1.7987273e+02
  -1.1014829e+00   2.0391463e+02
  -8.9896708e-01   2.2256520e+02
  -6.8313553e-01   2.3654300e+02
  -4.6490095e-01   2.3974197e+02
  -2.8395974e-01   2.3252769e+02
  -1.1834123e-01   2.1920805e+02
   1.8685030e-02   2.0194085e+02
   1.1380328e-01   1.8539884e+02
   1.7133107e-01   1.7461129e+02
