  -1.9192304e+00   3.0608696e+01
  -1.8647839e+00   4.3478261e+01
  -1.8153023e+00   5.4434783e+01
  -1.7658529e+00   6.3826087e+01
  -1.6966651e+00   7.4956522e+01
  -1.6336879e+00   8.3478261e+01
  -1.5695042e+00   9.0782609e+01
  -1.4880808e+00   9.8086957e+01
  -1.3894353e+00   1.0452174e+02
  -1.3142581e+00   1.0747826e+02
  -1.2440352e+00   1.0904348e+02
  -1.1516753e+00   1.0921739e+02
  -1.0654796e+00   1.0904348e+02
  -9.5099706e-01   1.0713043e+02
  -8.2913669e-01   1.0469565e+02
  -7.5528733e-01   1.0295652e+02
  -6.9128216e-01   1.0156522e+02
  -6.4819325e-01   1.0104348e+02
  -6.0879860e-01   1.0052174e+02
