  -1.9237224e+00   2.5779105e+02
  -1.8925841e+00   2.8989246e+02
  -1.8575984e+00   3.1534084e+02
  -1.8080412e+00   3.4745928e+02
  -1.7571371e+00   3.7473781e+02
  -1.6840264e+00   3.9780087e+02
  -1.6044343e+00   4.0695162e+02
  -1.5294417e+00   4.0339009e+02
  -1.4454822e+00   3.8470826e+02
  -1.3340327e+00   3.4668725e+02
  -1.2483400e+00   3.0743214e+02
  -1.1551162e+00   2.6152741e+02
  -1.0555298e+00   2.0655141e+02
  -9.6851999e-01   1.6366666e+02
  -8.8031194e-01   1.2199330e+02
  -7.7006069e-01   8.2760891e+01
  -6.9841010e-01   6.5277971e+01
  -6.5526928e-01   5.8661278e+01
  -6.1471806e-01   5.7488484e+01
